300 1000 10 30 100000
2436 18582 80 -53
11172 25071 -47 -71
56643 73929 46 -89
32441 4016 1 62
81600 85102 -62 83
46831 96411 -13 -88
85958 91609 -31 -51
47788 53885 -98 87
80068 86751 -32 23
73792 28207 -18 55
82502 35092 87 41
42677 29047 14 -3
20208 44400 80 4
81416 25817 -66 85
66324 4956 19 73
79260 68753 -99 97
60669 49104 -1 -68
11487 8219 96 82
10449 35974 97 -83
36934 26216 -57 12
31832 45833 7 -75
84066 42632 -42 -93
48899 22095 -20 4
499 17907 19 -59
58093 41209 -45 61
68394 86597 7 16
94459 57728 47 38
3355 90413 64 -42
86511 77344 -16 -73
61617 76222 69 84
36013 78203 -62 -7
66418 15805 -100 -12
62210 76124 -63 78
69486 84752 96 -4
62365 49587 -35 3
7036 85915 -25 -91
85117 52902 -6 -95
30509 85473 -47 -80
85969 88350 -86 42
75340 91696 -48 -99
4902 94732 -49 49
44596 90771 -37 48
44827 68181 80 -98
96068 81537 -61 -35
92964 85388 -61 29
30384 93176 19 23
16047 68444 -56 -61
72556 4749 11 -17
41093 18686 -9 -10
73474 10624 89 39
38347 89510 -90 57
63568 16873 51 75
87374 7602 70 69
50016 50344 46 -6
72135 90944 -60 20
79124 34278 -14 85
57903 91370 -82 -86
65699 24840 -90 71
61416 42823 -4 -27
5881 13273 -75 35
90608 55227 44 26
4228 84079 -51 23
63053 6894 -83 20
54427 32840 -98 0
35069 866 60 84
56338 3161 -1 -67
87839 68526 -17 87
51927 22524 62 -88
18360 76668 -49 -19
41330 38632 -43 85
8423 85430 27 -72
31151 30949 -35 -68
35425 98667 -34 -40
64216 29899 -17 40
6406 50469 75 81
55655 37416 -9 35
1516 30683 82 35
91220 8358 -5 43
17134 28374 68 41
33754 62967 -80 79
49343 85380 -81 91
42151 35142 65 -92
66104 39335 71 9
14111 50565 -100 51
89806 40162 32 -37
64785 72129 20 31
32720 22985 29 53
72911 9918 46 -92
49311 20410 -27 -28
67923 29578 26 -75
35876 65903 32 -37
56965 81112 92 -12
69550 59002 36 35
63834 92908 -88 -19
75066 80665 47 -88
53110 24554 -90 54
59597 4126 20 -11
63411 98916 -27 -16
78646 71220 -6 18
53418 70370 -79 -22
91062 85140 -67 -83
86010 32629 2 45
75168 84052 24 48
85615 38954 18 19
13168 93699 30 -42
77158 13596 -79 -73
99380 68100 8 70
42694 41699 -32 96
57174 23983 44 -64
88856 48119 71 -2
57945 26398 -96 16
34332 3616 61 -76
20394 35156 22 -58
68780 41704 50 -73
5379 44220 55 21
90510 66235 28 -92
69428 77407 51 5
10696 78430 -45 -40
24277 96652 39 90
81795 3062 99 -31
80424 39645 -26 -51
62404 61793 1 42
18353 74523 -48 46
28270 6207 47 56
15533 8441 36 -4
83297 59770 17 -87
85877 26141 49 5
77103 62145 -32 -29
90325 58414 94 -90
26573 75460 31 -73
4974 24976 97 -93
28525 86194 20 74
83856 264 18 21
74580 51154 15 48
50869 29907 -6 78
948 12466 -82 -46
7689 60224 -42 -21
44985 60022 11 10
45567 21013 -71 40
41314 93936 92 -63
95718 29800 -8 -53
60008 67095 78 29
55013 36137 87 -66
503 3718 36 64
43856 81799 -81 19
91386 79466 -62 15
8026 98878 97 -6
96002 46215 -50 -42
54713 50659 9 -42
89363 21620 -56 19
49962 67038 55 -15
943 41697 7 53
40087 42225 16 -47
57254 77442 98 -82
36337 29590 74 91
26938 3423 54 51
39779 32823 -77 -84
32847 17135 100 -5
79055 40811 92 -15
21868 98831 -91 -38
10449 6999 -82 35
49418 87285 -42 37
97197 74822 -17 10
47348 63144 -90 68
64915 22253 74 90
42086 35915 -53 23
18935 26845 77 -20
2238 2244 41 32
72456 93027 -41 0
28617 20552 -62 -80
94701 39336 12 -49
62123 63790 58 -46
99993 60564 -69 2
3426 80446 52 -73
30321 10476 -70 -21
23253 950 28 -100
44526 84781 -56 57
51852 64272 -72 -78
84201 88938 -26 63
86769 34382 22 -32
22189 86673 62 9
58373 8944 -9 46
53079 90631 -48 29
23413 91072 45 66
88867 741 -23 16
1384 41908 95 76
35135 90166 -26 -95
74179 9930 -48 -51
50994 17019 27 -91
5797 76408 -10 4
96854 40045 64 34
92623 24149 -16 -69
83586 30280 -10 -26
61804 51797 31 -94
46036 49587 -32 -55
37530 39036 -59 69
8874 85829 -22 90
7485 2200 50 30
67407 98154 94 -30
70157 77324 48 34
81873 76890 39 58
52818 91109 22 -17
54658 95263 37 -59
9119 34477 25 -93
7129 74354 -18 25
60889 27731 -21 48
24786 2060 45 -46
38075 19541 38 -66
98098 20038 -52 10
35468 98666 34 -11
41880 19402 82 64
87283 93233 83 27
82643 48079 -82 85
36106 27889 49 -31
70284 84426 80 -34
48079 65974 -33 31
38620 22820 82 -33
12105 891 -35 3
39572 8070 -6 -100
88044 22119 28 -49
15634 33732 -100 -15
28278 92300 19 67
31771 58716 -81 49
3779 44317 -96 52
42251 33963 67 -2
2716 85833 -9 -22
94473 45427 -11 27
57546 98190 -38 33
93488 69325 88 -86
16834 84421 68 -24
16776 36469 87 -8
30469 55819 9 91
66676 94952 -51 100
74225 42292 -64 27
95178 98882 16 72
41586 53226 72 -25
54425 28395 40 86
63295 44650 35 -8
8918 89927 -84 -58
43617 54136 84 29
19114 90718 -88 -81
11772 48502 58 50
16769 18178 -52 10
30990 46183 53 87
77588 15246 75 73
22840 26416 74 -49
83985 39929 53 -81
47630 92407 -85 97
47626 93543 79 -6
66366 61019 98 -12
78834 90305 15 27
68799 66940 -16 45
84458 86826 83 1
96854 48119 -12 -81
28842 45332 -3 -85
99589 87666 68 28
10768 6116 4 13
77087 97715 93 60
19218 20594 73 -99
43766 43938 -29 69
36059 6277 30 -42
61262 71995 -14 54
53727 87806 -50 95
68498 24075 68 66
65701 58821 -43 -33
26807 3006 -99 78
96611 40954 -32 -61
74332 68414 61 -41
93886 14955 42 77
65492 15419 57 -3
92243 49163 -85 44
51731 74047 62 -54
98816 47865 4 -27
97740 87273 91 -72
67507 30632 34 -35
4098 14515 -92 93
99437 70562 11 -78
84641 87942 -56 -81
58040 49980 -94 8
66894 70330 57 89
49916 43921 -1 31
46384 60472 -58 17
76985 7656 -92 54
76463 7654 -42 74
67955 20110 74 -3
86395 65532 45 -52
80133 44506 -16 -19
3979 57651 65 -65
67184 14011 -99 48
26965 3647 -19 -29
97237 34716 16 -20
44259 87431 62 21
2929 5456 69 -8
82897 12715 12 5
46414 16319 54 43
20952 55289 -73 21
32306 80650 -36 -37
32354 54519 81 -4
22913 77540 -61 -66
21963 14649 67 -28
